-3.000000 2.881835 -0.011821
-3.000000 2.881835 -0.011263
-3.000000 2.881835 -0.010146
-3.000000 2.881835 -0.008512
-3.000000 2.881835 -0.006419
-3.000000 2.881835 -0.003943
-3.000000 2.881835 -0.001171
-3.000000 2.881835 0.001796
-3.000000 2.881835 0.004852
-3.000000 2.881835 0.007887
-3.000000 2.881835 0.010793
-3.000000 2.881835 0.013464
-3.000000 2.881835 0.015806
-3.000000 2.881835 0.017734
-3.000000 2.881835 0.019179
-3.000000 2.881835 0.020088
-3.000000 2.881835 0.020430
-3.000000 2.881835 0.020193
-3.000000 2.881835 0.019383
-3.000000 2.881835 0.018032
-3.000000 2.881835 0.016187
-3.000000 2.881835 0.013914
-3.000000 2.881835 0.011295
-3.000000 2.881835 0.008424
-3.000000 1.553679 0.005803
-3.000000 1.743416 0.010515
-3.000000 1.933152 0.013159
-3.000000 2.122889 0.014635
-3.000000 2.312626 0.015455
-3.000000 2.502362 0.015907
-3.000000 2.692099 0.016152
-3.000000 2.881835 0.016282
-2.810263 -3.000000 -1.651826
-2.810263 -2.810263 -1.651872
-2.810263 -2.620527 -1.651759
-2.810263 -2.430790 -1.651376
-2.810263 -2.241054 -1.650525
-2.810263 -2.051317 -1.648854
-2.810263 -1.861580 -1.645738
-2.810263 -1.671844 -1.640075
-2.810263 -1.482107 -1.629948
-2.810263 -1.292371 -1.612080
-2.810263 -1.102634 -1.581059
-2.810263 -0.912897 -1.528485
-2.810263 -0.723161 -1.442763
-2.810263 -0.533424 -1.311305
-2.810263 -0.343687 -1.127449
-2.810263 -0.153951 -0.900835
-2.810263 0.035786 -0.661268
-2.810263 0.225523 -0.445794
-2.810263 0.415259 -0.278397
-2.810263 0.604996 -0.162549
-2.810263 0.794733 -0.088652
-2.810263 0.984469 -0.043941
-2.810263 1.174206 -0.017755
-2.810263 1.363943 -0.002715
-2.810263 1.553679 0.005821
-2.810263 1.743416 0.010630
-2.810263 1.933152 0.013323
-2.810263 2.122889 0.014821
-2.810263 2.312626 0.015649
-2.810263 2.502362 0.016100
-2.810263 2.692099 0.016341
-2.810263 2.881835 0.016465
-2.620527 -3.000000 -1.649980
-2.620527 -2.810263 -1.650146
-2.620527 -2.620527 -1.650148
-2.620527 -2.430790 -1.649880
-2.620527 -2.241054 -1.649147
-2.620527 -2.051317 -1.647607
-2.620527 -1.861580 -1.644648
-2.620527 -1.671844 -1.639194
-2.620527 -1.482107 -1.629371
-2.620527 -1.292371 -1.611971
-2.620527 -1.102634 -1.581685
-2.620527 -0.912897 -1.530248
-2.620527 -0.723161 -1.446175
-2.620527 -0.533424 -1.316821
-2.620527 -0.343687 -1.135087
-2.620527 -0.153951 -0.909787
-2.620527 0.035786 -0.670043
-2.620527 0.225523 -0.453028
-2.620527 0.415259 -0.283527
-2.620527 0.604996 -0.165762
-2.620527 0.794733 -0.090450
-2.620527 0.984469 -0.044816
-2.620527 1.174206 -0.018073
-2.620527 1.363943 -0.002714
-2.620527 1.553679 0.005998
-2.620527 1.743416 0.010897
-2.620527 1.933152 0.013632
-2.620527 2.122889 0.015147
-2.620527 2.312626 0.015976
-2.620527 2.502362 0.016421
-2.620527 2.692099 0.016651
-2.620527 2.881835 0.016763
-2.430790 -3.000000 -1.647134
-2.430790 -2.810263 -1.647478
-2.430790 -2.620527 -1.647650
-2.430790 -2.430790 -1.647546
-2.430790 -2.241054 -1.646979
-2.430790 -2.051317 -1.645613
-2.430790 -1.861580 -1.642851
-2.430790 -1.671844 -1.637644
-2.430790 -1.482107 -1.628157
-2.430790 -1.292371 -1.611250
-2.430790 -1.102634 -1.581718
-2.430790 -0.912897 -1.531429
-2.430790 -0.723161 -1.449012
-2.430790 -0.533424 -1.321777
-2.430790 -0.343687 -1.142204
-2.430790 -0.153951 -0.918291
-2.430790 0.035786 -0.678455
-2.430790 0.225523 -0.459963
-2.430790 0.415259 -0.288384
-2.430790 0.604996 -0.168703
-2.430790 0.794733 -0.091971
-2.430790 0.984469 -0.045413
-2.430790 1.174206 -0.018116
-2.430790 1.363943 -0.002444
-2.430790 1.553679 0.006434
-2.430790 1.743416 0.011413
-2.430790 1.933152 0.014181
-2.430790 2.122889 0.015701
-2.430790 2.312626 0.016521
-2.430790 2.502362 0.016950
-2.430790 2.692099 0.017160
-2.430790 2.881835 0.017251
-2.241054 -3.000000 -1.642746
-2.241054 -2.810263 -1.643352
-2.241054 -2.620527 -1.643774
-2.241054 -2.430790 -1.643910
-2.241054 -2.241054 -1.643579
-2.241054 -2.051317 -1.642453
-2.241054 -1.861580 -1.639950
-2.241054 -1.671844 -1.635045
-2.241054 -1.482107 -1.625945
-2.241054 -1.292371 -1.609576
-2.241054 -1.102634 -1.580834
-2.241054 -0.912897 -1.531721
-2.241054 -0.723161 -1.450982
-2.241054 -0.533424 -1.325892
-2.241054 -0.343687 -1.148532
-2.241054 -0.153951 -0.926089
-2.241054 0.035786 -0.686262
-2.241054 0.225523 -0.466366
-2.241054 0.415259 -0.292746
-2.241054 0.604996 -0.171163
-2.241054 0.794733 -0.093016
-2.241054 0.984469 -0.045542
-2.241054 1.174206 -0.017702
-2.241054 1.363943 -0.001732
-2.241054 1.553679 0.007295
-2.241054 1.743416 0.012338
-2.241054 1.933152 0.015120
-2.241054 2.122889 0.016629
-2.241054 2.312626 0.017424
-2.241054 2.502362 0.017820
-2.241054 2.692099 0.017996
-2.241054 2.881835 0.018052
-2.051317 -3.000000 -1.635985
-2.051317 -2.810263 -1.636975
-2.051317 -2.620527 -1.637763
-2.051317 -2.430790 -1.638249
-2.051317 -2.241054 -1.638258
-2.051317 -2.051317 -1.637470
-2.051317 -1.861580 -1.635318
-2.051317 -1.671844 -1.630801
-2.051317 -1.482107 -1.622166
-2.051317 -1.292371 -1.606405
-2.051317 -1.102634 -1.578516
-2.051317 -0.912897 -1.530629
-2.051317 -0.723161 -1.451613
-2.051317 -0.533424 -1.328717
-2.051317 -0.343687 -1.153638
-2.051317 -0.153951 -0.932770
-2.051317 0.035786 -0.693067
-2.051317 0.225523 -0.471863
-2.051317 0.415259 -0.296258
-2.051317 0.604996 -0.172800
-2.051317 0.794733 -0.093259
-2.051317 0.984469 -0.044889
-2.051317 1.174206 -0.016531
-2.051317 1.363943 -0.000291
-2.051317 1.553679 0.008857
-2.051317 1.743416 0.013934
-2.051317 1.933152 0.016703
-2.051317 2.122889 0.018173
-2.051317 2.312626 0.018916
-2.051317 2.502362 0.019256
-2.051317 2.692099 0.019373
-2.051317 2.881835 0.019370
-1.861580 -3.000000 -1.625583
-1.861580 -2.810263 -1.627133
-1.861580 -2.620527 -1.628452
-1.861580 -2.430790 -1.629447
-1.861580 -2.241054 -1.629946
-1.861580 -2.051317 -1.629639
-1.861580 -1.861580 -1.627973
-1.861580 -1.671844 -1.623971
-1.861580 -1.482107 -1.615920
-1.861580 -1.292371 -1.600878
-1.861580 -1.102634 -1.573939
-1.861580 -0.912897 -1.527367
-1.861580 -0.723161 -1.450152
-1.861580 -0.533424 -1.329529
-1.861580 -0.343687 -1.156831
-1.861580 -0.153951 -0.937668
-1.861580 0.035786 -0.698236
-1.861580 0.225523 -0.475845
-1.861580 0.415259 -0.298336
-1.861580 0.604996 -0.173057
-1.861580 0.794733 -0.092166
-1.861580 0.984469 -0.042943
-1.861580 1.174206 -0.014112
-1.861580 1.363943 0.002351
-1.861580 1.553679 0.011572
-1.861580 1.743416 0.016637
-1.861580 1.933152 0.019347
-1.861580 2.122889 0.020734
-1.861580 2.312626 0.021384
-1.861580 2.502362 0.021626
-1.861580 2.692099 0.021647
-1.861580 2.881835 0.021550
-1.671844 -3.000000 -1.609644
-1.671844 -2.810263 -1.611989
-1.671844 -2.620527 -1.614070
-1.671844 -2.430790 -1.615794
-1.671844 -2.241054 -1.616995
-1.671844 -2.051317 -1.617373
-1.671844 -1.861580 -1.616389
-1.671844 -1.671844 -1.613088
-1.671844 -1.482107 -1.605796
-1.671844 -1.292371 -1.591635
-1.671844 -1.102634 -1.565798
-1.671844 -0.912897 -1.520680
-1.671844 -0.723161 -1.445394
-1.671844 -0.533424 -1.327171
-1.671844 -0.343687 -1.156998
-1.671844 -0.153951 -0.939713
-1.671844 0.035786 -0.700738
-1.671844 0.225523 -0.477325
-1.671844 0.415259 -0.298035
-1.671844 0.604996 -0.171027
-1.671844 0.794733 -0.088863
-1.671844 0.984469 -0.038864
-1.671844 1.174206 -0.009639
-1.671844 1.363943 0.006970
-1.671844 1.553679 0.016187
-1.671844 1.743416 0.021164
-1.671844 1.933152 0.023742
-1.671844 2.122889 0.024977
-1.671844 2.312626 0.025467
-1.671844 2.502362 0.025549
-1.671844 2.692099 0.025412
-1.671844 2.881835 0.025163
-1.482107 -3.000000 -1.585374
-1.482107 -2.810263 -1.588823
-1.482107 -2.620527 -1.591966
-1.482107 -2.430790 -1.594714
-1.482107 -2.241054 -1.596907
-1.482107 -2.051317 -1.598249
-1.482107 -1.861580 -1.598217
-1.482107 -1.671844 -1.595877
-1.482107 -1.482107 -1.589595
-1.482107 -1.292371 -1.576555
-1.482107 -1.102634 -1.552044
-1.482107 -0.912897 -1.508589
-1.482107 -0.723161 -1.435429
-1.482107 -0.533424 -1.319800
-1.482107 -0.343687 -1.152360
-1.482107 -0.153951 -0.937189
-1.482107 0.035786 -0.698921
-1.482107 0.225523 -0.474710
-1.482107 0.415259 -0.293820
-1.482107 0.604996 -0.165230
-1.482107 0.794733 -0.081927
-1.482107 0.984469 -0.031281
-1.482107 1.174206 -0.001788
-1.482107 1.363943 0.014841
-1.482107 1.553679 0.023931
-1.482107 1.743416 0.028701
-1.482107 1.933152 0.031033
-1.482107 2.122889 0.032005
-1.482107 2.312626 0.032228
-1.482107 2.502362 0.032048
-1.482107 2.692099 0.031658
-1.482107 2.881835 0.031164
-1.292371 -3.000000 -1.548783
-1.292371 -2.810263 -1.553704
-1.292371 -2.620527 -1.558280
-1.292371 -2.430790 -1.562423
-1.292371 -2.241054 -1.565974
-1.292371 -2.051317 -1.568645
-1.292371 -1.861580 -1.569923
-1.292371 -1.671844 -1.568895
-1.292371 -1.482107 -1.563965
-1.292371 -1.292371 -1.552376
-1.292371 -1.102634 -1.529509
-1.292371 -0.912897 -1.488020
-1.292371 -0.723161 -1.417276
-1.292371 -0.533424 -1.304526
-1.292371 -0.343687 -1.140116
-1.292371 -0.153951 -0.927382
-1.292371 0.035786 -0.690156
-1.292371 0.225523 -0.465460
-1.292371 0.415259 -0.283236
-1.292371 0.604996 -0.153292
-1.292371 0.794733 -0.069061
-1.292371 0.984469 -0.017972
-1.292371 1.174206 0.011588
-1.292371 1.363943 0.028039
-1.292371 1.553679 0.036809
-1.292371 1.743416 0.041186
-1.292371 1.933152 0.043091
-1.292371 2.122889 0.043627
-1.292371 2.312626 0.043419
-1.292371 2.502362 0.042818
-1.292371 2.692099 0.042020
-1.292371 2.881835 0.041134
-1.102634 -3.000000 -1.494399
-1.102634 -2.810263 -1.501189
-1.102634 -2.620527 -1.507609
-1.102634 -2.430790 -1.513568
-1.102634 -2.241054 -1.518908
-1.102634 -2.051317 -1.523344
-1.102634 -1.861580 -1.526371
-1.102634 -1.671844 -1.527095
-1.102634 -1.482107 -1.523953
-1.102634 -1.292371 -1.514245
-1.102634 -1.102634 -1.493446
-1.102634 -0.912897 -1.454333
-1.102634 -0.723161 -1.386406
-1.102634 -0.533424 -1.276931
-1.102634 -0.343687 -1.115959
-1.102634 -0.153951 -0.906098
-1.102634 0.035786 -0.670363
-1.102634 0.225523 -0.445607
-1.102634 0.415259 -0.262428
-1.102634 0.604996 -0.131473
-1.102634 0.794733 -0.046633
-1.102634 0.984469 0.004588
-1.102634 1.174206 0.033908
-1.102634 1.363943 0.049881
-1.102634 1.553679 0.058039
-1.102634 1.743416 0.061739
-1.102634 1.933152 0.062942
-1.102634 2.122889 0.062777
-1.102634 2.312626 0.061880
-1.102634 2.502362 0.060610
-1.102634 2.692099 0.059167
-1.102634 2.881835 0.057661
-0.912897 -3.000000 -1.415221
-0.912897 -2.810263 -1.424234
-0.912897 -2.620527 -1.432882
-0.912897 -2.430790 -1.441070
-0.912897 -2.241054 -1.448635
-0.912897 -2.051317 -1.455293
-0.912897 -1.861580 -1.460544
-0.912897 -1.671844 -1.463510
-0.912897 -1.482107 -1.462656
-0.912897 -1.292371 -1.455336
-0.912897 -1.102634 -1.437112
-0.912897 -0.912897 -1.400883
-0.912897 -0.723161 -1.336276
-0.912897 -0.533424 -1.230583
-0.912897 -0.343687 -1.073576
-0.912897 -0.153951 -0.867144
-0.912897 0.035786 -0.633476
-0.912897 0.225523 -0.409217
-0.912897 0.415259 -0.225597
-0.912897 0.604996 -0.094104
-0.912897 0.794733 -0.009112
-0.912897 0.984469 0.041794
-0.912897 1.174206 0.070434
-0.912897 1.363943 0.085495
-0.912897 1.553679 0.092616
-0.912897 1.743416 0.095222
-0.912897 1.933152 0.095319
-0.912897 2.122889 0.094059
-0.912897 2.312626 0.092092
-0.912897 2.502362 0.089783
-0.912897 2.692099 0.087337
-0.912897 2.881835 0.084864
-0.723161 -3.000000 -1.303441
-0.723161 -2.810263 -1.314871
-0.723161 -2.620527 -1.325985
-0.723161 -2.430790 -1.336682
-0.723161 -2.241054 -1.346794
-0.723161 -2.051317 -1.356035
-0.723161 -1.861580 -1.363908
-0.723161 -1.671844 -1.369546
-0.723161 -1.482107 -1.371442
-0.723161 -1.292371 -1.366998
-0.723161 -1.102634 -1.351856
-0.723161 -0.912897 -1.319036
-0.723161 -0.723161 -1.258288
-0.723161 -0.533424 -1.156934
-0.723161 -0.343687 -1.004481
-0.723161 -0.153951 -0.802113
-0.723161 0.035786 -0.571178
-0.723161 0.225523 -0.348077
-0.723161 0.415259 -0.164641
-0.723161 0.604996 -0.033208
-0.723161 0.794733 0.051355
-0.723161 0.984469 0.101366
-0.723161 1.174206 0.128747
-0.723161 1.363943 0.142321
-0.723161 1.553679 0.147833
-0.723161 1.743416 0.148783
-0.723161 1.933152 0.147220
-0.723161 2.122889 0.144321
-0.723161 2.312626 0.140752
-0.723161 2.502362 0.136885
-0.723161 2.692099 0.132927
-0.723161 2.881835 0.128992
-0.533424 -3.000000 -1.152961
-0.533424 -2.810263 -1.166661
-0.533424 -2.620527 -1.180140
-0.533424 -2.430790 -1.193295
-0.533424 -2.241054 -1.205953
-0.533424 -2.051317 -1.217829
-0.533424 -1.861580 -1.228430
-0.533424 -1.671844 -1.236898
-0.533424 -1.482107 -1.241752
-0.533424 -1.292371 -1.240440
-0.533424 -1.102634 -1.228683
-0.533424 -0.912897 -1.199614
-0.533424 -0.723161 -1.143107
-0.533424 -0.533424 -1.046519
-0.533424 -0.343687 -0.899100
-0.533424 -0.153951 -0.701346
-0.533424 0.035786 -0.473752
-0.533424 0.225523 -0.252433
-0.533424 0.415259 -0.069794
-0.533424 0.604996 0.060978
-0.533424 0.794733 0.144504
-0.533424 0.984469 0.193001
-0.533424 1.174206 0.218489
-0.533424 1.363943 0.229929
-0.533424 1.553679 0.233180
-0.533424 1.743416 0.231816
-0.533424 1.933152 0.227935
-0.533424 2.122889 0.222742
-0.533424 2.312626 0.216917
-0.533424 2.502362 0.210845
-0.533424 2.692099 0.204736
-0.533424 2.881835 0.198706
-0.343687 -3.000000 -0.964548
-0.343687 -2.810263 -0.979798
-0.343687 -2.620527 -0.994960
-0.343687 -2.430790 -1.009930
-0.343687 -2.241054 -1.024541
-0.343687 -2.051317 -1.038509
-0.343687 -1.861580 -1.051350
-0.343687 -1.671844 -1.062220
-0.343687 -1.482107 -1.069665
-0.343687 -1.292371 -1.071180
-0.343687 -1.102634 -1.062566
-0.343687 -0.912897 -1.037068
-0.343687 -0.723161 -0.984685
-0.343687 -0.533424 -0.892814
-0.343687 -0.343687 -0.750467
-0.343687 -0.153951 -0.557461
-0.343687 0.035786 -0.333431
-0.343687 0.225523 -0.114170
-0.343687 0.415259 0.067378
-0.343687 0.604996 0.197174
-0.343687 0.794733 0.279314
-0.343687 0.984469 0.325902
-0.343687 1.174206 0.349058
-0.343687 1.363943 0.357886
-0.343687 1.553679 0.358362
-0.343687 1.743416 0.354142
-0.343687 1.933152 0.347375
-0.343687 2.122889 0.339298
-0.343687 2.312626 0.330614
-0.343687 2.502362 0.321717
-0.343687 2.692099 0.312826
-0.343687 2.881835 0.304063
-0.153951 -3.000000 -0.751527
-0.153951 -2.810263 -0.766950
-0.153951 -2.620527 -0.782425
-0.153951 -2.430790 -0.797858
-0.153951 -2.241054 -0.813088
-0.153951 -2.051317 -0.827842
-0.153951 -1.861580 -0.841647
-0.153951 -1.671844 -0.853685
-0.153951 -1.482107 -0.862529
-0.153951 -1.292371 -0.865731
-0.153951 -1.102634 -0.859172
-0.153951 -0.912897 -0.836216
-0.153951 -0.723161 -0.786991
-0.153951 -0.533424 -0.698946
-0.153951 -0.343687 -0.560872
-0.153951 -0.153951 -0.371926
-0.153951 0.035786 -0.150883
-0.153951 0.225523 0.066825
-0.153951 0.415259 0.247737
-0.153951 0.604996 0.376965
-0.153951 0.794733 0.458062
-0.153951 0.984469 0.503008
-0.153951 1.174206 0.524020
-0.153951 1.363943 0.530349
-0.153951 1.553679 0.528093
-0.153951 1.743416 0.520993
-0.153951 1.933152 0.511257
-0.153951 2.122889 0.500159
-0.153951 2.312626 0.488424
-0.153951 2.502362 0.476464
-0.153951 2.692099 0.464511
-0.153951 2.881835 0.452695
0.035786 -3.000000 -0.539191
0.035786 -2.810263 -0.553132
0.035786 -2.620527 -0.567233
0.035786 -2.430790 -0.581408
0.035786 -2.241054 -0.595509
0.035786 -2.051317 -0.609278
0.035786 -1.861580 -0.622262
0.035786 -1.671844 -0.633666
0.035786 -1.482107 -0.642103
0.035786 -1.292371 -0.645184
0.035786 -1.102634 -0.638879
0.035786 -0.912897 -0.616675
0.035786 -0.723161 -0.568839
0.035786 -0.533424 -0.482885
0.035786 -0.343687 -0.347405
0.035786 -0.153951 -0.160924
0.035786 0.035786 0.058644
0.035786 0.225523 0.276252
0.035786 0.415259 0.457950
0.035786 0.604996 0.587992
0.035786 0.794733 0.669365
0.035786 0.984469 0.713910
0.035786 1.174206 0.733934
0.035786 1.363943 0.738831
0.035786 1.553679 0.734824
0.035786 1.743416 0.725742
0.035786 1.933152 0.713851
0.035786 2.122889 0.700463
0.035786 2.312626 0.686332
0.035786 2.502362 0.671889
0.035786 2.692099 0.657380
0.035786 2.881835 0.642947
0.225523 -3.000000 -0.353946
0.225523 -2.810263 -0.365208
0.225523 -2.620527 -0.376668
0.225523 -2.430790 -0.388254
0.225523 -2.241054 -0.399827
0.225523 -2.051317 -0.411144
0.225523 -1.861580 -0.421772
0.225523 -1.671844 -0.430943
0.225523 -1.482107 -0.437312
0.225523 -1.292371 -0.438549
0.225523 -1.102634 -0.430718
0.225523 -0.912897 -0.407431
0.225523 -0.723161 -0.359101
0.225523 -0.533424 -0.273319
0.225523 -0.343687 -0.138502
0.225523 -0.153951 0.047433
0.225523 0.035786 0.267430
0.225523 0.225523 0.486847
0.225523 0.415259 0.671269
0.225523 0.604996 0.804083
0.225523 0.794733 0.887686
0.225523 0.984469 0.933756
0.225523 1.174206 0.954676
0.225523 1.363943 0.959980
0.225523 1.553679 0.956007
0.225523 1.743416 0.946672
0.225523 1.933152 0.934295
0.225523 2.122889 0.920226
0.225523 2.312626 0.905240
0.225523 2.502362 0.889787
0.225523 2.692099 0.874128
0.225523 2.881835 0.858415
0.415259 -3.000000 -0.210730
0.415259 -2.810263 -0.218994
0.415259 -2.620527 -0.227436
0.415259 -2.430790 -0.235987
0.415259 -2.241054 -0.244519
0.415259 -2.051317 -0.252800
0.415259 -1.861580 -0.260412
0.415259 -1.671844 -0.266613
0.415259 -1.482107 -0.270095
0.415259 -1.292371 -0.268587
0.415259 -1.102634 -0.258242
0.415259 -0.912897 -0.232797
0.415259 -0.723161 -0.182813
0.415259 -0.533424 -0.095961
0.415259 -0.343687 0.039498
0.415259 -0.153951 0.226235
0.415259 0.035786 0.448048
0.415259 0.225523 0.670731
0.415259 0.415259 0.859430
0.415259 0.604996 0.996657
0.415259 0.794733 1.084195
0.415259 0.984469 1.133536
0.415259 1.174206 1.157131
0.415259 1.363943 1.164641
0.415259 1.553679 1.162518
0.415259 1.743416 1.154754
0.415259 1.933152 1.143718
0.415259 2.122889 1.130789
0.415259 2.312626 1.116760
0.415259 2.502362 1.102092
0.415259 2.692099 1.087054
0.415259 2.881835 1.071807
0.604996 -3.000000 -0.110081
0.604996 -2.810263 -0.115725
0.604996 -2.620527 -0.121494
0.604996 -2.430790 -0.127321
0.604996 -2.241054 -0.133085
0.604996 -2.051317 -0.138560
0.604996 -1.861580 -0.143341
0.604996 -1.671844 -0.146705
0.604996 -1.482107 -0.147378
0.604996 -1.292371 -0.143143
0.604996 -1.102634 -0.130235
0.604996 -0.912897 -0.102514
0.604996 -0.723161 -0.050679
0.604996 -0.533424 0.037508
0.604996 -0.343687 0.173936
0.604996 -0.153951 0.361849
0.604996 0.035786 0.585898
0.604996 0.225523 0.812347
0.604996 0.415259 1.005933
0.604996 0.604996 1.148298
0.604996 0.794733 1.240591
0.604996 0.984469 1.294103
0.604996 1.174206 1.321339
0.604996 1.363943 1.332086
0.604996 1.553679 1.332907
0.604996 1.743416 1.327867
0.604996 1.933152 1.319378
0.604996 2.122889 1.308842
0.604996 2.312626 1.297066
0.604996 2.502362 1.284515
0.604996 2.692099 1.271460
0.604996 2.881835 1.258062
0.794733 -3.000000 -0.043940
0.794733 -2.810263 -0.047609
0.794733 -2.620527 -0.051347
0.794733 -2.430790 -0.055087
0.794733 -2.241054 -0.058710
0.794733 -2.051317 -0.061996
0.794733 -1.861580 -0.064549
0.794733 -1.671844 -0.065663
0.794733 -1.482107 -0.064092
0.794733 -1.292371 -0.057670
0.794733 -1.102634 -0.042710
0.794733 -0.912897 -0.013187
0.794733 -0.723161 0.040062
0.794733 -0.533424 0.129188
0.794733 -0.343687 0.266216
0.794733 -0.153951 0.454949
0.794733 0.035786 0.680896
0.794733 0.225523 0.910825
0.794733 0.415259 1.109099
0.794733 0.604996 1.256498
0.794733 0.794733 1.353520
0.794733 0.984469 1.411244
0.794733 1.174206 1.442227
0.794733 1.363943 1.456380
0.794733 1.553679 1.460377
0.794733 1.743416 1.458357
0.794733 1.933152 1.452778
0.794733 2.122889 1.445064
0.794733 2.312626 1.436030
0.794733 2.502362 1.426145
0.794733 2.692099 1.415675
0.794733 2.881835 1.404779
0.984469 -3.000000 -0.002313
0.984469 -2.810263 -0.004620
0.984469 -2.620527 -0.006948
0.984469 -2.430790 -0.009233
0.984469 -2.241054 -0.011355
0.984469 -2.051317 -0.013099
0.984469 -1.861580 -0.014076
0.984469 -1.671844 -0.013596
0.984469 -1.482107 -0.010440
0.984469 -1.292371 -0.002487
0.984469 -1.102634 0.013874
0.984469 -0.912897 0.044556
0.984469 -0.723161 0.098586
0.984469 -0.533424 0.188027
0.984469 -0.343687 0.325031
0.984469 -0.153951 0.513942
0.984469 0.035786 0.741130
0.984469 0.225523 0.973897
0.984469 0.415259 1.176274
0.984469 0.604996 1.328184
0.984469 0.794733 1.429462
0.984469 0.984469 1.490962
0.984469 1.174206 1.525290
0.984469 1.363943 1.542485
0.984469 1.553679 1.549337
0.984469 1.743416 1.550064
0.984469 1.933152 1.547169
0.984469 2.122889 1.542103
0.984469 2.312626 1.535691
0.984469 2.502362 1.528404
0.984469 2.692099 1.520508
0.984469 2.881835 1.512155
1.174206 -3.000000 0.023221
1.174206 -2.810263 0.021806
1.174206 -2.620527 0.020404
1.174206 -2.430790 0.019079
1.174206 -2.241054 0.017950
1.174206 -2.051317 0.017228
1.174206 -1.861580 0.017294
1.174206 -1.671844 0.018826
1.174206 -1.482107 0.023014
1.174206 -1.292371 0.031937
1.174206 -1.102634 0.049130
1.174206 -0.912897 0.080399
1.174206 -0.723161 0.134635
1.174206 -0.533424 0.223810
1.174206 -0.343687 0.360191
1.174206 -0.153951 0.548648
1.174206 0.035786 0.776407
1.174206 0.225523 1.011338
1.174206 0.415259 1.217174
1.174206 0.604996 1.372990
1.174206 0.794733 1.477947
1.174206 0.984469 1.542660
1.174206 1.174206 1.579777
1.174206 1.363943 1.599471
1.174206 1.553679 1.608651
1.174206 1.743416 1.611618
1.174206 1.933152 1.610928
1.174206 2.122889 1.608059
1.174206 2.312626 1.603853
1.174206 2.502362 1.598784
1.174206 2.692099 1.593120
1.174206 2.881835 1.587009
1.363943 -3.000000 0.038663
1.363943 -2.810263 0.037815
1.363943 -2.620527 0.037004
1.363943 -2.430790 0.036293
1.363943 -2.241054 0.035798
1.363943 -2.051317 0.035729
1.363943 -1.861580 0.036458
1.363943 -1.671844 0.038648
1.363943 -1.482107 0.043466
1.363943 -1.292371 0.052945
1.363943 -1.102634 0.070549
1.363943 -0.912897 0.101976
1.363943 -0.723161 0.155983
1.363943 -0.533424 0.244447
1.363943 -0.343687 0.379736
1.363943 -0.153951 0.567229
1.363943 0.035786 0.795007
1.363943 0.225523 1.031532
1.363943 0.415259 1.240276
1.363943 0.604996 1.399478
1.363943 0.794733 1.507606
1.363943 0.984469 1.575021
1.363943 1.174206 1.614413
1.363943 1.363943 1.636086
1.363943 1.553679 1.647072
1.363943 1.743416 1.651761
1.363943 1.933152 1.652763
1.363943 2.122889 1.651588
1.363943 2.312626 1.649098
1.363943 2.502362 1.645774
1.363943 2.692099 1.641889
1.363943 2.881835 1.637591
1.553679 -3.000000 0.047938
1.553679 -2.810263 0.047446
1.553679 -2.620527 0.047005
1.553679 -2.430790 0.046679
1.553679 -2.241054 0.046582
1.553679 -2.051317 0.046919
1.553679 -1.861580 0.048055
1.553679 -1.671844 0.050639
1.553679 -1.482107 0.055814
1.553679 -1.292371 0.065567
1.553679 -1.102634 0.083295
1.553679 -0.912897 0.114586
1.553679 -0.723161 0.168065
1.553679 -0.533424 0.255508
1.553679 -0.343687 0.389375
1.553679 -0.153951 0.575533
1.553679 0.035786 0.802912
1.553679 0.225523 1.040593
1.553679 0.415259 1.251825
1.553679 0.604996 1.414016
1.553679 0.794733 1.524926
1.553679 0.984469 1.594651
1.553679 1.174206 1.635911
1.553679 1.363943 1.659143
1.553679 1.553679 1.671505
1.553679 1.743416 1.677478
1.553679 1.933152 1.679728
1.553679 2.122889 1.679803
1.553679 2.312626 1.678581
1.553679 2.502362 1.676559
1.553679 2.692099 1.674013
1.553679 2.881835 1.671095
1.743416 -3.000000 0.053496
1.743416 -2.810263 0.053225
1.743416 -2.620527 0.053014
1.743416 -2.430790 0.052927
1.743416 -2.241054 0.053075
1.743416 -2.051317 0.053660
1.743416 -1.861580 0.055038
1.743416 -1.671844 0.057845
1.743416 -1.482107 0.063198
1.743416 -1.292371 0.073044
1.743416 -1.102634 0.090707
1.743416 -0.912897 0.121671
1.743416 -0.723161 0.174429
1.743416 -0.533424 0.260651
1.743416 -0.343687 0.392874
1.743416 -0.153951 0.577439
1.743416 0.035786 0.804116
1.743416 0.225523 1.042629
1.743416 0.415259 1.256040
1.743416 0.604996 1.420936
1.743416 0.794733 1.534358
1.743416 0.984469 1.606112
1.743416 1.174206 1.648948
1.743416 1.363943 1.673431
1.743416 1.553679 1.686847
1.743416 1.743416 1.693768
1.743416 1.933152 1.696924
1.743416 2.122889 1.697894
1.743416 2.312626 1.697581
1.743416 2.502362 1.696494
1.743416 2.692099 1.694916
1.743416 2.881835 1.693004
1.933152 -3.000000 0.056827
1.933152 -2.810263 0.056693
1.933152 -2.620527 0.056625
1.933152 -2.430790 0.056685
1.933152 -2.241054 0.056982
1.933152 -2.051317 0.057714
1.933152 -1.861580 0.059230
1.933152 -1.671844 0.062151
1.933152 -1.482107 0.067570
1.933152 -1.292371 0.077392
1.933152 -1.102634 0.094872
1.933152 -0.912897 0.125390
1.933152 -0.723161 0.177306
1.933152 -0.533424 0.262182
1.933152 -0.343687 0.392622
1.933152 -0.153951 0.575418
1.933152 0.035786 0.801173
1.933152 0.225523 1.040279
1.933152 0.415259 1.255647
1.933152 0.604996 1.423055
1.933152 0.794733 1.538805
1.933152 0.984469 1.612403
1.933152 1.174206 1.656614
1.933152 1.363943 1.682133
1.933152 1.553679 1.696375
1.933152 1.743416 1.704006
1.933152 1.933152 1.707815
1.933152 2.122889 1.709420
1.933152 2.312626 1.709746
1.933152 2.502362 1.709315
1.933152 2.692099 1.708417
1.933152 2.881835 1.707217
2.122889 -3.000000 0.058828
2.122889 -2.810263 0.058778
2.122889 -2.620527 0.058798
2.122889 -2.430790 0.058947
2.122889 -2.241054 0.059333
2.122889 -2.051317 0.060149
2.122889 -1.861580 0.061737
2.122889 -1.671844 0.064704
2.122889 -1.482107 0.070119
2.122889 -1.292371 0.079845
2.122889 -1.102634 0.097069
2.122889 -0.912897 0.127071
2.122889 -0.723161 0.178074
2.122889 -0.533424 0.261532
2.122889 -0.343687 0.390101
2.122889 -0.153951 0.571008
2.122889 0.035786 0.795681
2.122889 0.225523 1.035202
2.122889 0.415259 1.252365
2.122889 0.604996 1.422152
2.122889 0.794733 1.540113
2.122889 0.984469 1.615436
2.122889 1.174206 1.660892
2.122889 1.363943 1.687305
2.122889 1.553679 1.702219
2.122889 1.743416 1.710394
2.122889 1.933152 1.714681
2.122889 2.122889 1.716736
2.122889 2.312626 1.717508
2.122889 2.502362 1.717530
2.122889 2.692099 1.717103
2.122889 2.881835 1.716394
2.312626 -3.000000 0.060033
2.312626 -2.810263 0.060036
2.312626 -2.620527 0.060109
2.312626 -2.430790 0.060312
2.312626 -2.241054 0.060749
2.312626 -2.051317 0.061610
2.312626 -1.861580 0.063229
2.312626 -1.671844 0.066200
2.312626 -1.482107 0.071567
2.312626 -1.292371 0.081152
2.312626 -1.102634 0.098078
2.312626 -0.912897 0.127521
2.312626 -0.723161 0.177574
2.312626 -0.533424 0.259573
2.312626 -0.343687 0.386222
2.312626 -0.153951 0.565160
2.312626 0.035786 0.788631
2.312626 0.225523 1.028426
2.312626 0.415259 1.247263
2.312626 0.604996 1.419338
2.312626 0.794733 1.539439
2.312626 0.984469 1.616415
2.312626 1.174206 1.663035
2.312626 1.363943 1.690251
2.312626 1.553679 1.705734
2.312626 1.743416 1.714342
2.312626 1.933152 1.718988
2.312626 2.122889 1.721368
2.312626 2.312626 1.722450
2.312626 2.502362 1.722785
2.312626 2.692099 1.722680
2.312626 2.881835 1.722307
2.502362 -3.000000 0.060762
2.502362 -2.810263 0.060797
2.502362 -2.620527 0.060902
2.502362 -2.430790 0.061136
2.502362 -2.241054 0.061602
2.502362 -2.051317 0.062483
2.502362 -1.861580 0.064108
2.502362 -1.671844 0.067055
2.502362 -1.482107 0.072348
2.502362 -1.292371 0.081767
2.502362 -1.102634 0.098370
2.502362 -0.912897 0.127233
2.502362 -0.723161 0.176316
2.502362 -0.533424 0.256841
2.502362 -0.343687 0.381542
2.502362 -0.153951 0.558456
2.502362 0.035786 0.780631
2.502362 0.225523 1.020587
2.502362 0.415259 1.241001
2.502362 0.604996 1.415304
2.502362 0.794733 1.537503
2.502362 0.984469 1.616091
2.502362 1.174206 1.663830
2.502362 1.363943 1.691791
2.502362 1.553679 1.707778
2.502362 1.743416 1.716746
2.502362 1.933152 1.721673
2.502362 2.122889 1.724291
2.502362 2.312626 1.725594
2.502362 2.502362 1.726145
2.502362 2.692099 1.726259
2.502362 2.881835 1.726115
2.692099 -3.000000 0.061204
2.692099 -2.810263 0.061258
2.692099 -2.620527 0.061383
2.692099 -2.430790 0.061634
2.692099 -2.241054 0.062113
2.692099 -2.051317 0.063000
2.692099 -1.861580 0.064614
2.692099 -1.671844 0.067523
2.692099 -1.482107 0.072725
2.692099 -1.292371 0.081964
2.692099 -1.102634 0.098231
2.692099 -0.912897 0.126504
2.692099 -0.723161 0.174614
2.692099 -0.533424 0.253661
2.692099 -0.343687 0.376403
2.692099 -0.153951 0.551254
2.692099 0.035786 0.772055
2.692099 0.225523 1.012077
2.692099 0.415259 1.233991
2.692099 0.604996 1.410476
2.692099 0.794733 1.534750
2.692099 0.984469 1.614933
2.692099 1.174206 1.663765
2.692099 1.363943 1.692439
2.692099 1.553679 1.708890
2.692099 1.743416 1.718172
2.692099 1.933152 1.723327
2.692099 2.122889 1.726127
2.692099 2.312626 1.727590
2.692099 2.502362 1.728292
2.692099 2.692099 1.728557
2.692099 2.881835 1.728567
2.881835 -3.000000 0.061473
2.881835 -2.810263 0.061539
2.881835 -2.620527 0.061674
2.881835 -2.430790 0.061934
2.881835 -2.241054 0.062418
2.881835 -2.051317 0.063300
2.881835 -1.861580 0.064895
2.881835 -1.671844 0.067755
