-3.000000 2.881835 -0.282240
-3.000000 2.881835 -0.466420
-3.000000 2.881835 -0.638925
-3.000000 2.881835 -0.793562
-3.000000 2.881835 -0.924782
-3.000000 2.881835 -1.027874
-3.000000 2.881835 -1.099139
-3.000000 2.881835 -1.136019
-3.000000 2.881835 -1.137190
-3.000000 2.881835 -1.102609
-3.000000 2.881835 -1.033519
-3.000000 2.881835 -0.932399
-3.000000 2.881835 -0.802878
-3.000000 2.881835 -0.649605
-3.000000 2.881835 -0.478081
-3.000000 2.881835 -0.294463
-3.000000 2.881835 -0.105342
-3.000000 2.881835 0.082496
-3.000000 2.881835 0.262307
-3.000000 2.881835 0.427639
-3.000000 2.881835 0.572556
-3.000000 2.881835 0.691859
-3.000000 2.881835 0.781263
-3.000000 2.881835 0.837562
-3.000000 1.553679 0.858733
-3.000000 1.743416 0.844018
-3.000000 1.933152 0.793944
-3.000000 2.122889 0.710309
-3.000000 2.312626 0.596114
-3.000000 2.502362 0.455458
-3.000000 2.692099 0.293390
-3.000000 2.881835 0.115726
-2.810263 -3.000000 -0.466420
-2.810263 -2.810263 -0.650601
-2.810263 -2.620527 -0.823105
-2.810263 -2.430790 -0.977742
-2.810263 -2.241054 -1.108962
-2.810263 -2.051317 -1.212055
-2.810263 -1.861580 -1.283320
-2.810263 -1.671844 -1.320199
-2.810263 -1.482107 -1.321370
-2.810263 -1.292371 -1.286790
-2.810263 -1.102634 -1.217699
-2.810263 -0.912897 -1.116579
-2.810263 -0.723161 -0.987058
-2.810263 -0.533424 -0.833785
-2.810263 -0.343687 -0.662261
-2.810263 -0.153951 -0.478644
-2.810263 0.035786 -0.289522
-2.810263 0.225523 -0.101684
-2.810263 0.415259 0.078127
-2.810263 0.604996 0.243459
-2.810263 0.794733 0.388376
-2.810263 0.984469 0.507678
-2.810263 1.174206 0.597083
-2.810263 1.363943 0.653382
-2.810263 1.553679 0.674553
-2.810263 1.743416 0.659838
-2.810263 1.933152 0.609764
-2.810263 2.122889 0.526129
-2.810263 2.312626 0.411934
-2.810263 2.502362 0.271278
-2.810263 2.692099 0.109209
-2.810263 2.881835 -0.068454
-2.620527 -3.000000 -0.638925
-2.620527 -2.810263 -0.823105
-2.620527 -2.620527 -0.995610
-2.620527 -2.430790 -1.150247
-2.620527 -2.241054 -1.281467
-2.620527 -2.051317 -1.384559
-2.620527 -1.861580 -1.455824
-2.620527 -1.671844 -1.492704
-2.620527 -1.482107 -1.493875
-2.620527 -1.292371 -1.459294
-2.620527 -1.102634 -1.390204
-2.620527 -0.912897 -1.289083
-2.620527 -0.723161 -1.159562
-2.620527 -0.533424 -1.006289
-2.620527 -0.343687 -0.834766
-2.620527 -0.153951 -0.651148
-2.620527 0.035786 -0.462026
-2.620527 0.225523 -0.274189
-2.620527 0.415259 -0.094378
-2.620527 0.604996 0.070954
-2.620527 0.794733 0.215872
-2.620527 0.984469 0.335174
-2.620527 1.174206 0.424579
-2.620527 1.363943 0.480877
-2.620527 1.553679 0.502049
-2.620527 1.743416 0.487333
-2.620527 1.933152 0.437259
-2.620527 2.122889 0.353624
-2.620527 2.312626 0.239429
-2.620527 2.502362 0.098773
-2.620527 2.692099 -0.063295
-2.620527 2.881835 -0.240959
-2.430790 -3.000000 -0.793562
-2.430790 -2.810263 -0.977742
-2.430790 -2.620527 -1.150247
-2.430790 -2.430790 -1.304884
-2.430790 -2.241054 -1.436104
-2.430790 -2.051317 -1.539196
-2.430790 -1.861580 -1.610462
-2.430790 -1.671844 -1.647341
-2.430790 -1.482107 -1.648512
-2.430790 -1.292371 -1.613931
-2.430790 -1.102634 -1.544841
-2.430790 -0.912897 -1.443721
-2.430790 -0.723161 -1.314200
-2.430790 -0.533424 -1.160927
-2.430790 -0.343687 -0.989403
-2.430790 -0.153951 -0.805785
-2.430790 0.035786 -0.616664
-2.430790 0.225523 -0.428826
-2.430790 0.415259 -0.249015
-2.430790 0.604996 -0.083683
-2.430790 0.794733 0.061234
-2.430790 0.984469 0.180536
-2.430790 1.174206 0.269941
-2.430790 1.363943 0.326240
-2.430790 1.553679 0.347411
-2.430790 1.743416 0.332696
-2.430790 1.933152 0.282622
-2.430790 2.122889 0.198987
-2.430790 2.312626 0.084792
-2.430790 2.502362 -0.055864
-2.430790 2.692099 -0.217932
-2.430790 2.881835 -0.395596
-2.241054 -3.000000 -0.924782
-2.241054 -2.810263 -1.108962
-2.241054 -2.620527 -1.281467
-2.241054 -2.430790 -1.436104
-2.241054 -2.241054 -1.567324
-2.241054 -2.051317 -1.670416
-2.241054 -1.861580 -1.741681
-2.241054 -1.671844 -1.778561
-2.241054 -1.482107 -1.779732
-2.241054 -1.292371 -1.745151
-2.241054 -1.102634 -1.676061
-2.241054 -0.912897 -1.574941
-2.241054 -0.723161 -1.445419
-2.241054 -0.533424 -1.292146
-2.241054 -0.343687 -1.120623
-2.241054 -0.153951 -0.937005
-2.241054 0.035786 -0.747883
-2.241054 0.225523 -0.560046
-2.241054 0.415259 -0.380235
-2.241054 0.604996 -0.214903
-2.241054 0.794733 -0.069986
-2.241054 0.984469 0.049317
-2.241054 1.174206 0.138722
-2.241054 1.363943 0.195020
-2.241054 1.553679 0.216192
-2.241054 1.743416 0.201476
-2.241054 1.933152 0.151402
-2.241054 2.122889 0.067767
-2.241054 2.312626 -0.046428
-2.241054 2.502362 -0.187084
-2.241054 2.692099 -0.349152
-2.241054 2.881835 -0.526816
-2.051317 -3.000000 -1.027874
-2.051317 -2.810263 -1.212055
-2.051317 -2.620527 -1.384559
-2.051317 -2.430790 -1.539196
-2.051317 -2.241054 -1.670416
-2.051317 -2.051317 -1.773509
-2.051317 -1.861580 -1.844774
-2.051317 -1.671844 -1.881653
-2.051317 -1.482107 -1.882824
-2.051317 -1.292371 -1.848244
-2.051317 -1.102634 -1.779153
-2.051317 -0.912897 -1.678033
-2.051317 -0.723161 -1.548512
-2.051317 -0.533424 -1.395239
-2.051317 -0.343687 -1.223715
-2.051317 -0.153951 -1.040098
-2.051317 0.035786 -0.850976
-2.051317 0.225523 -0.663139
-2.051317 0.415259 -0.483327
-2.051317 0.604996 -0.317996
-2.051317 0.794733 -0.173078
-2.051317 0.984469 -0.053776
-2.051317 1.174206 0.035629
-2.051317 1.363943 0.091928
-2.051317 1.553679 0.113099
-2.051317 1.743416 0.098384
-2.051317 1.933152 0.048310
-2.051317 2.122889 -0.035326
-2.051317 2.312626 -0.149521
-2.051317 2.502362 -0.290176
-2.051317 2.692099 -0.452245
-2.051317 2.881835 -0.629908
-1.861580 -3.000000 -1.099139
-1.861580 -2.810263 -1.283320
-1.861580 -2.620527 -1.455824
-1.861580 -2.430790 -1.610462
-1.861580 -2.241054 -1.741681
-1.861580 -2.051317 -1.844774
-1.861580 -1.861580 -1.916039
-1.861580 -1.671844 -1.952918
-1.861580 -1.482107 -1.954089
-1.861580 -1.292371 -1.919509
-1.861580 -1.102634 -1.850418
-1.861580 -0.912897 -1.749298
-1.861580 -0.723161 -1.619777
-1.861580 -0.533424 -1.466504
-1.861580 -0.343687 -1.294980
-1.861580 -0.153951 -1.111363
-1.861580 0.035786 -0.922241
-1.861580 0.225523 -0.734404
-1.861580 0.415259 -0.554592
-1.861580 0.604996 -0.389261
-1.861580 0.794733 -0.244343
-1.861580 0.984469 -0.125041
-1.861580 1.174206 -0.035636
-1.861580 1.363943 0.020663
-1.861580 1.553679 0.041834
-1.861580 1.743416 0.027119
-1.861580 1.933152 -0.022955
-1.861580 2.122889 -0.106591
-1.861580 2.312626 -0.220786
-1.861580 2.502362 -0.361441
-1.861580 2.692099 -0.523510
-1.861580 2.881835 -0.701173
-1.671844 -3.000000 -1.136019
-1.671844 -2.810263 -1.320199
-1.671844 -2.620527 -1.492704
-1.671844 -2.430790 -1.647341
-1.671844 -2.241054 -1.778561
-1.671844 -2.051317 -1.881653
-1.671844 -1.861580 -1.952918
-1.671844 -1.671844 -1.989798
-1.671844 -1.482107 -1.990969
-1.671844 -1.292371 -1.956388
-1.671844 -1.102634 -1.887298
-1.671844 -0.912897 -1.786178
-1.671844 -0.723161 -1.656657
-1.671844 -0.533424 -1.503384
-1.671844 -0.343687 -1.331860
-1.671844 -0.153951 -1.148242
-1.671844 0.035786 -0.959121
-1.671844 0.225523 -0.771283
-1.671844 0.415259 -0.591472
-1.671844 0.604996 -0.426140
-1.671844 0.794733 -0.281223
-1.671844 0.984469 -0.161920
-1.671844 1.174206 -0.072516
-1.671844 1.363943 -0.016217
-1.671844 1.553679 0.004954
-1.671844 1.743416 -0.009761
-1.671844 1.933152 -0.059835
-1.671844 2.122889 -0.143470
-1.671844 2.312626 -0.257665
-1.671844 2.502362 -0.398321
-1.671844 2.692099 -0.560389
-1.671844 2.881835 -0.738053
-1.482107 -3.000000 -1.137190
-1.482107 -2.810263 -1.321370
-1.482107 -2.620527 -1.493875
-1.482107 -2.430790 -1.648512
-1.482107 -2.241054 -1.779732
-1.482107 -2.051317 -1.882824
-1.482107 -1.861580 -1.954089
-1.482107 -1.671844 -1.990969
-1.482107 -1.482107 -1.992139
-1.482107 -1.292371 -1.957559
-1.482107 -1.102634 -1.888469
-1.482107 -0.912897 -1.787348
-1.482107 -0.723161 -1.657827
-1.482107 -0.533424 -1.504554
-1.482107 -0.343687 -1.333031
-1.482107 -0.153951 -1.149413
-1.482107 0.035786 -0.960291
-1.482107 0.225523 -0.772454
-1.482107 0.415259 -0.592642
-1.482107 0.604996 -0.427311
-1.482107 0.794733 -0.282393
-1.482107 0.984469 -0.163091
-1.482107 1.174206 -0.073686
-1.482107 1.363943 -0.017388
-1.482107 1.553679 0.003784
-1.482107 1.743416 -0.010931
-1.482107 1.933152 -0.061005
-1.482107 2.122889 -0.144641
-1.482107 2.312626 -0.258836
-1.482107 2.502362 -0.399492
-1.482107 2.692099 -0.561560
-1.482107 2.881835 -0.739224
-1.292371 -3.000000 -1.102609
-1.292371 -2.810263 -1.286790
-1.292371 -2.620527 -1.459294
-1.292371 -2.430790 -1.613931
-1.292371 -2.241054 -1.745151
-1.292371 -2.051317 -1.848244
-1.292371 -1.861580 -1.919509
-1.292371 -1.671844 -1.956388
-1.292371 -1.482107 -1.957559
-1.292371 -1.292371 -1.922979
-1.292371 -1.102634 -1.853888
-1.292371 -0.912897 -1.752768
-1.292371 -0.723161 -1.623247
-1.292371 -0.533424 -1.469974
-1.292371 -0.343687 -1.298450
-1.292371 -0.153951 -1.114833
-1.292371 0.035786 -0.925711
-1.292371 0.225523 -0.737873
-1.292371 0.415259 -0.558062
-1.292371 0.604996 -0.392730
-1.292371 0.794733 -0.247813
-1.292371 0.984469 -0.128511
-1.292371 1.174206 -0.039106
-1.292371 1.363943 0.017193
-1.292371 1.553679 0.038364
-1.292371 1.743416 0.023649
-1.292371 1.933152 -0.026425
-1.292371 2.122889 -0.110060
-1.292371 2.312626 -0.224255
-1.292371 2.502362 -0.364911
-1.292371 2.692099 -0.526980
-1.292371 2.881835 -0.704643
-1.102634 -3.000000 -1.033519
-1.102634 -2.810263 -1.217699
-1.102634 -2.620527 -1.390204
-1.102634 -2.430790 -1.544841
-1.102634 -2.241054 -1.676061
-1.102634 -2.051317 -1.779153
-1.102634 -1.861580 -1.850418
-1.102634 -1.671844 -1.887298
-1.102634 -1.482107 -1.888469
-1.102634 -1.292371 -1.853888
-1.102634 -1.102634 -1.784798
-1.102634 -0.912897 -1.683678
-1.102634 -0.723161 -1.554157
-1.102634 -0.533424 -1.400884
-1.102634 -0.343687 -1.229360
-1.102634 -0.153951 -1.045742
-1.102634 0.035786 -0.856621
-1.102634 0.225523 -0.668783
-1.102634 0.415259 -0.488972
-1.102634 0.604996 -0.323640
-1.102634 0.794733 -0.178723
-1.102634 0.984469 -0.059420
-1.102634 1.174206 0.029984
-1.102634 1.363943 0.086283
-1.102634 1.553679 0.107454
-1.102634 1.743416 0.092739
-1.102634 1.933152 0.042665
-1.102634 2.122889 -0.040970
-1.102634 2.312626 -0.155165
-1.102634 2.502362 -0.295821
-1.102634 2.692099 -0.457889
-1.102634 2.881835 -0.635553
-0.912897 -3.000000 -0.932399
-0.912897 -2.810263 -1.116579
-0.912897 -2.620527 -1.289083
-0.912897 -2.430790 -1.443721
-0.912897 -2.241054 -1.574941
-0.912897 -2.051317 -1.678033
-0.912897 -1.861580 -1.749298
-0.912897 -1.671844 -1.786178
-0.912897 -1.482107 -1.787348
-0.912897 -1.292371 -1.752768
-0.912897 -1.102634 -1.683678
-0.912897 -0.912897 -1.582557
-0.912897 -0.723161 -1.453036
-0.912897 -0.533424 -1.299763
-0.912897 -0.343687 -1.128240
-0.912897 -0.153951 -0.944622
-0.912897 0.035786 -0.755500
-0.912897 0.225523 -0.567663
-0.912897 0.415259 -0.387851
-0.912897 0.604996 -0.222520
-0.912897 0.794733 -0.077602
-0.912897 0.984469 0.041700
-0.912897 1.174206 0.131105
-0.912897 1.363943 0.187403
-0.912897 1.553679 0.208575
-0.912897 1.743416 0.193860
-0.912897 1.933152 0.143786
-0.912897 2.122889 0.060150
-0.912897 2.312626 -0.054045
-0.912897 2.502362 -0.194701
-0.912897 2.692099 -0.356769
-0.912897 2.881835 -0.534433
-0.723161 -3.000000 -0.802878
-0.723161 -2.810263 -0.987058
-0.723161 -2.620527 -1.159562
-0.723161 -2.430790 -1.314200
-0.723161 -2.241054 -1.445419
-0.723161 -2.051317 -1.548512
-0.723161 -1.861580 -1.619777
-0.723161 -1.671844 -1.656657
-0.723161 -1.482107 -1.657827
-0.723161 -1.292371 -1.623247
-0.723161 -1.102634 -1.554157
-0.723161 -0.912897 -1.453036
-0.723161 -0.723161 -1.323515
-0.723161 -0.533424 -1.170242
-0.723161 -0.343687 -0.998719
-0.723161 -0.153951 -0.815101
-0.723161 0.035786 -0.625979
-0.723161 0.225523 -0.438142
-0.723161 0.415259 -0.258330
-0.723161 0.604996 -0.092999
-0.723161 0.794733 0.051919
-0.723161 0.984469 0.171221
-0.723161 1.174206 0.260626
-0.723161 1.363943 0.316924
-0.723161 1.553679 0.338096
-0.723161 1.743416 0.323381
-0.723161 1.933152 0.273307
-0.723161 2.122889 0.189671
-0.723161 2.312626 0.075476
-0.723161 2.502362 -0.065180
-0.723161 2.692099 -0.227248
-0.723161 2.881835 -0.404912
-0.533424 -3.000000 -0.649605
-0.533424 -2.810263 -0.833785
-0.533424 -2.620527 -1.006289
-0.533424 -2.430790 -1.160927
-0.533424 -2.241054 -1.292146
-0.533424 -2.051317 -1.395239
-0.533424 -1.861580 -1.466504
-0.533424 -1.671844 -1.503384
-0.533424 -1.482107 -1.504554
-0.533424 -1.292371 -1.469974
-0.533424 -1.102634 -1.400884
-0.533424 -0.912897 -1.299763
-0.533424 -0.723161 -1.170242
-0.533424 -0.533424 -1.016969
-0.533424 -0.343687 -0.845446
-0.533424 -0.153951 -0.661828
-0.533424 0.035786 -0.472706
-0.533424 0.225523 -0.284869
-0.533424 0.415259 -0.105057
-0.533424 0.604996 0.060274
-0.533424 0.794733 0.205192
-0.533424 0.984469 0.324494
-0.533424 1.174206 0.413899
-0.533424 1.363943 0.470197
-0.533424 1.553679 0.491369
-0.533424 1.743416 0.476654
-0.533424 1.933152 0.426580
-0.533424 2.122889 0.342944
-0.533424 2.312626 0.228749
-0.533424 2.502362 0.088093
-0.533424 2.692099 -0.073975
-0.533424 2.881835 -0.251639
-0.343687 -3.000000 -0.478081
-0.343687 -2.810263 -0.662261
-0.343687 -2.620527 -0.834766
-0.343687 -2.430790 -0.989403
-0.343687 -2.241054 -1.120623
-0.343687 -2.051317 -1.223715
-0.343687 -1.861580 -1.294980
-0.343687 -1.671844 -1.331860
-0.343687 -1.482107 -1.333031
-0.343687 -1.292371 -1.298450
-0.343687 -1.102634 -1.229360
-0.343687 -0.912897 -1.128240
-0.343687 -0.723161 -0.998719
-0.343687 -0.533424 -0.845446
-0.343687 -0.343687 -0.673922
-0.343687 -0.153951 -0.490304
-0.343687 0.035786 -0.301183
-0.343687 0.225523 -0.113345
-0.343687 0.415259 0.066466
-0.343687 0.604996 0.231798
-0.343687 0.794733 0.376715
-0.343687 0.984469 0.496018
-0.343687 1.174206 0.585422
-0.343687 1.363943 0.641721
-0.343687 1.553679 0.662892
-0.343687 1.743416 0.648177
-0.343687 1.933152 0.598103
-0.343687 2.122889 0.514468
-0.343687 2.312626 0.400273
-0.343687 2.502362 0.259617
-0.343687 2.692099 0.097549
-0.343687 2.881835 -0.080115
-0.153951 -3.000000 -0.294463
-0.153951 -2.810263 -0.478644
-0.153951 -2.620527 -0.651148
-0.153951 -2.430790 -0.805785
-0.153951 -2.241054 -0.937005
-0.153951 -2.051317 -1.040098
-0.153951 -1.861580 -1.111363
-0.153951 -1.671844 -1.148242
-0.153951 -1.482107 -1.149413
-0.153951 -1.292371 -1.114833
-0.153951 -1.102634 -1.045742
-0.153951 -0.912897 -0.944622
-0.153951 -0.723161 -0.815101
-0.153951 -0.533424 -0.661828
-0.153951 -0.343687 -0.490304
-0.153951 -0.153951 -0.306686
-0.153951 0.035786 -0.117565
-0.153951 0.225523 0.070273
-0.153951 0.415259 0.250084
-0.153951 0.604996 0.415416
-0.153951 0.794733 0.560333
-0.153951 0.984469 0.679635
-0.153951 1.174206 0.769040
-0.153951 1.363943 0.825339
-0.153951 1.553679 0.846510
-0.153951 1.743416 0.831795
-0.153951 1.933152 0.781721
-0.153951 2.122889 0.698086
-0.153951 2.312626 0.583891
-0.153951 2.502362 0.443235
-0.153951 2.692099 0.281166
-0.153951 2.881835 0.103503
0.035786 -3.000000 -0.105342
0.035786 -2.810263 -0.289522
0.035786 -2.620527 -0.462026
0.035786 -2.430790 -0.616664
0.035786 -2.241054 -0.747883
0.035786 -2.051317 -0.850976
0.035786 -1.861580 -0.922241
0.035786 -1.671844 -0.959121
0.035786 -1.482107 -0.960291
0.035786 -1.292371 -0.925711
0.035786 -1.102634 -0.856621
0.035786 -0.912897 -0.755500
0.035786 -0.723161 -0.625979
0.035786 -0.533424 -0.472706
0.035786 -0.343687 -0.301183
0.035786 -0.153951 -0.117565
0.035786 0.035786 0.071557
0.035786 0.225523 0.259394
0.035786 0.415259 0.439206
0.035786 0.604996 0.604537
0.035786 0.794733 0.749455
0.035786 0.984469 0.868757
0.035786 1.174206 0.958162
0.035786 1.363943 1.014460
0.035786 1.553679 1.035632
0.035786 1.743416 1.020917
0.035786 1.933152 0.970843
0.035786 2.122889 0.887207
0.035786 2.312626 0.773012
0.035786 2.502362 0.632356
0.035786 2.692099 0.470288
0.035786 2.881835 0.292624
0.225523 -3.000000 0.082496
0.225523 -2.810263 -0.101684
0.225523 -2.620527 -0.274189
0.225523 -2.430790 -0.428826
0.225523 -2.241054 -0.560046
0.225523 -2.051317 -0.663139
0.225523 -1.861580 -0.734404
0.225523 -1.671844 -0.771283
0.225523 -1.482107 -0.772454
0.225523 -1.292371 -0.737873
0.225523 -1.102634 -0.668783
0.225523 -0.912897 -0.567663
0.225523 -0.723161 -0.438142
0.225523 -0.533424 -0.284869
0.225523 -0.343687 -0.113345
0.225523 -0.153951 0.070273
0.225523 0.035786 0.259394
0.225523 0.225523 0.447232
0.225523 0.415259 0.627043
0.225523 0.604996 0.792375
0.225523 0.794733 0.937292
0.225523 0.984469 1.056594
0.225523 1.174206 1.145999
0.225523 1.363943 1.202298
0.225523 1.553679 1.223469
0.225523 1.743416 1.208754
0.225523 1.933152 1.158680
0.225523 2.122889 1.075045
0.225523 2.312626 0.960850
0.225523 2.502362 0.820194
0.225523 2.692099 0.658126
0.225523 2.881835 0.480462
0.415259 -3.000000 0.262307
0.415259 -2.810263 0.078127
0.415259 -2.620527 -0.094378
0.415259 -2.430790 -0.249015
0.415259 -2.241054 -0.380235
0.415259 -2.051317 -0.483327
0.415259 -1.861580 -0.554592
0.415259 -1.671844 -0.591472
0.415259 -1.482107 -0.592642
0.415259 -1.292371 -0.558062
0.415259 -1.102634 -0.488972
0.415259 -0.912897 -0.387851
0.415259 -0.723161 -0.258330
0.415259 -0.533424 -0.105057
0.415259 -0.343687 0.066466
0.415259 -0.153951 0.250084
0.415259 0.035786 0.439206
0.415259 0.225523 0.627043
0.415259 0.415259 0.806855
0.415259 0.604996 0.972186
0.415259 0.794733 1.117104
0.415259 0.984469 1.236406
0.415259 1.174206 1.325811
0.415259 1.363943 1.382109
0.415259 1.553679 1.403281
0.415259 1.743416 1.388565
0.415259 1.933152 1.338491
0.415259 2.122889 1.254856
0.415259 2.312626 1.140661
0.415259 2.502362 1.000005
0.415259 2.692099 0.837937
0.415259 2.881835 0.660273
0.604996 -3.000000 0.427639
0.604996 -2.810263 0.243459
0.604996 -2.620527 0.070954
0.604996 -2.430790 -0.083683
0.604996 -2.241054 -0.214903
0.604996 -2.051317 -0.317996
0.604996 -1.861580 -0.389261
0.604996 -1.671844 -0.426140
0.604996 -1.482107 -0.427311
0.604996 -1.292371 -0.392730
0.604996 -1.102634 -0.323640
0.604996 -0.912897 -0.222520
0.604996 -0.723161 -0.092999
0.604996 -0.533424 0.060274
0.604996 -0.343687 0.231798
0.604996 -0.153951 0.415416
0.604996 0.035786 0.604537
0.604996 0.225523 0.792375
0.604996 0.415259 0.972186
0.604996 0.604996 1.137518
0.604996 0.794733 1.282435
0.604996 0.984469 1.401737
0.604996 1.174206 1.491142
0.604996 1.363943 1.547441
0.604996 1.553679 1.568612
0.604996 1.743416 1.553897
0.604996 1.933152 1.503823
0.604996 2.122889 1.420188
0.604996 2.312626 1.305993
0.604996 2.502362 1.165337
0.604996 2.692099 1.003268
0.604996 2.881835 0.825605
0.794733 -3.000000 0.572556
0.794733 -2.810263 0.388376
0.794733 -2.620527 0.215872
0.794733 -2.430790 0.061234
0.794733 -2.241054 -0.069986
0.794733 -2.051317 -0.173078
0.794733 -1.861580 -0.244343
0.794733 -1.671844 -0.281223
0.794733 -1.482107 -0.282393
0.794733 -1.292371 -0.247813
0.794733 -1.102634 -0.178723
0.794733 -0.912897 -0.077602
0.794733 -0.723161 0.051919
0.794733 -0.533424 0.205192
0.794733 -0.343687 0.376715
0.794733 -0.153951 0.560333
0.794733 0.035786 0.749455
0.794733 0.225523 0.937292
0.794733 0.415259 1.117104
0.794733 0.604996 1.282435
0.794733 0.794733 1.427353
0.794733 0.984469 1.546655
0.794733 1.174206 1.636060
0.794733 1.363943 1.692358
0.794733 1.553679 1.713530
0.794733 1.743416 1.698815
0.794733 1.933152 1.648741
0.794733 2.122889 1.565105
0.794733 2.312626 1.450910
0.794733 2.502362 1.310254
0.794733 2.692099 1.148186
0.794733 2.881835 0.970522
0.984469 -3.000000 0.691859
0.984469 -2.810263 0.507678
0.984469 -2.620527 0.335174
0.984469 -2.430790 0.180536
0.984469 -2.241054 0.049317
0.984469 -2.051317 -0.053776
0.984469 -1.861580 -0.125041
0.984469 -1.671844 -0.161920
0.984469 -1.482107 -0.163091
0.984469 -1.292371 -0.128511
0.984469 -1.102634 -0.059420
0.984469 -0.912897 0.041700
0.984469 -0.723161 0.171221
0.984469 -0.533424 0.324494
0.984469 -0.343687 0.496018
0.984469 -0.153951 0.679635
0.984469 0.035786 0.868757
0.984469 0.225523 1.056594
0.984469 0.415259 1.236406
0.984469 0.604996 1.401737
0.984469 0.794733 1.546655
0.984469 0.984469 1.665957
0.984469 1.174206 1.755362
0.984469 1.363943 1.811661
0.984469 1.553679 1.832832
0.984469 1.743416 1.818117
0.984469 1.933152 1.768043
0.984469 2.122889 1.684407
0.984469 2.312626 1.570212
0.984469 2.502362 1.429557
0.984469 2.692099 1.267488
0.984469 2.881835 1.089824
1.174206 -3.000000 0.781263
1.174206 -2.810263 0.597083
1.174206 -2.620527 0.424579
1.174206 -2.430790 0.269941
1.174206 -2.241054 0.138722
1.174206 -2.051317 0.035629
1.174206 -1.861580 -0.035636
1.174206 -1.671844 -0.072516
1.174206 -1.482107 -0.073686
1.174206 -1.292371 -0.039106
1.174206 -1.102634 0.029984
1.174206 -0.912897 0.131105
1.174206 -0.723161 0.260626
1.174206 -0.533424 0.413899
1.174206 -0.343687 0.585422
1.174206 -0.153951 0.769040
1.174206 0.035786 0.958162
1.174206 0.225523 1.145999
1.174206 0.415259 1.325811
1.174206 0.604996 1.491142
1.174206 0.794733 1.636060
1.174206 0.984469 1.755362
1.174206 1.174206 1.844767
1.174206 1.363943 1.901065
1.174206 1.553679 1.922237
1.174206 1.743416 1.907522
1.174206 1.933152 1.857448
1.174206 2.122889 1.773812
1.174206 2.312626 1.659617
1.174206 2.502362 1.518961
1.174206 2.692099 1.356893
1.174206 2.881835 1.179229
1.363943 -3.000000 0.837562
1.363943 -2.810263 0.653382
1.363943 -2.620527 0.480877
1.363943 -2.430790 0.326240
1.363943 -2.241054 0.195020
1.363943 -2.051317 0.091928
1.363943 -1.861580 0.020663
1.363943 -1.671844 -0.016217
1.363943 -1.482107 -0.017388
1.363943 -1.292371 0.017193
1.363943 -1.102634 0.086283
1.363943 -0.912897 0.187403
1.363943 -0.723161 0.316924
1.363943 -0.533424 0.470197
1.363943 -0.343687 0.641721
1.363943 -0.153951 0.825339
1.363943 0.035786 1.014460
1.363943 0.225523 1.202298
1.363943 0.415259 1.382109
1.363943 0.604996 1.547441
1.363943 0.794733 1.692358
1.363943 0.984469 1.811661
1.363943 1.174206 1.901065
1.363943 1.363943 1.957364
1.363943 1.553679 1.978535
1.363943 1.743416 1.963820
1.363943 1.933152 1.913746
1.363943 2.122889 1.830111
1.363943 2.312626 1.715916
1.363943 2.502362 1.575260
1.363943 2.692099 1.413192
1.363943 2.881835 1.235528
1.553679 -3.000000 0.858733
1.553679 -2.810263 0.674553
1.553679 -2.620527 0.502049
1.553679 -2.430790 0.347411
1.553679 -2.241054 0.216192
1.553679 -2.051317 0.113099
1.553679 -1.861580 0.041834
1.553679 -1.671844 0.004954
1.553679 -1.482107 0.003784
1.553679 -1.292371 0.038364
1.553679 -1.102634 0.107454
1.553679 -0.912897 0.208575
1.553679 -0.723161 0.338096
1.553679 -0.533424 0.491369
1.553679 -0.343687 0.662892
1.553679 -0.153951 0.846510
1.553679 0.035786 1.035632
1.553679 0.225523 1.223469
1.553679 0.415259 1.403281
1.553679 0.604996 1.568612
1.553679 0.794733 1.713530
1.553679 0.984469 1.832832
1.553679 1.174206 1.922237
1.553679 1.363943 1.978535
1.553679 1.553679 1.999707
1.553679 1.743416 1.984992
1.553679 1.933152 1.934918
1.553679 2.122889 1.851282
1.553679 2.312626 1.737087
1.553679 2.502362 1.596431
1.553679 2.692099 1.434363
1.553679 2.881835 1.256699
1.743416 -3.000000 0.844018
1.743416 -2.810263 0.659838
1.743416 -2.620527 0.487333
1.743416 -2.430790 0.332696
1.743416 -2.241054 0.201476
1.743416 -2.051317 0.098384
1.743416 -1.861580 0.027119
1.743416 -1.671844 -0.009761
1.743416 -1.482107 -0.010931
1.743416 -1.292371 0.023649
1.743416 -1.102634 0.092739
1.743416 -0.912897 0.193860
1.743416 -0.723161 0.323381
1.743416 -0.533424 0.476654
1.743416 -0.343687 0.648177
1.743416 -0.153951 0.831795
1.743416 0.035786 1.020917
1.743416 0.225523 1.208754
1.743416 0.415259 1.388565
1.743416 0.604996 1.553897
1.743416 0.794733 1.698815
1.743416 0.984469 1.818117
1.743416 1.174206 1.907522
1.743416 1.363943 1.963820
1.743416 1.553679 1.984992
1.743416 1.743416 1.970276
1.743416 1.933152 1.920202
1.743416 2.122889 1.836567
1.743416 2.312626 1.722372
1.743416 2.502362 1.581716
1.743416 2.692099 1.419648
1.743416 2.881835 1.241984
1.933152 -3.000000 0.793944
1.933152 -2.810263 0.609764
1.933152 -2.620527 0.437259
1.933152 -2.430790 0.282622
1.933152 -2.241054 0.151402
1.933152 -2.051317 0.048310
1.933152 -1.861580 -0.022955
1.933152 -1.671844 -0.059835
1.933152 -1.482107 -0.061005
1.933152 -1.292371 -0.026425
1.933152 -1.102634 0.042665
1.933152 -0.912897 0.143786
1.933152 -0.723161 0.273307
1.933152 -0.533424 0.426580
1.933152 -0.343687 0.598103
1.933152 -0.153951 0.781721
1.933152 0.035786 0.970843
1.933152 0.225523 1.158680
1.933152 0.415259 1.338491
1.933152 0.604996 1.503823
1.933152 0.794733 1.648741
1.933152 0.984469 1.768043
1.933152 1.174206 1.857448
1.933152 1.363943 1.913746
1.933152 1.553679 1.934918
1.933152 1.743416 1.920202
1.933152 1.933152 1.870128
1.933152 2.122889 1.786493
1.933152 2.312626 1.672298
1.933152 2.502362 1.531642
1.933152 2.692099 1.369574
1.933152 2.881835 1.191910
2.122889 -3.000000 0.710309
2.122889 -2.810263 0.526129
2.122889 -2.620527 0.353624
2.122889 -2.430790 0.198987
2.122889 -2.241054 0.067767
2.122889 -2.051317 -0.035326
2.122889 -1.861580 -0.106591
2.122889 -1.671844 -0.143470
2.122889 -1.482107 -0.144641
2.122889 -1.292371 -0.110060
2.122889 -1.102634 -0.040970
2.122889 -0.912897 0.060150
2.122889 -0.723161 0.189671
2.122889 -0.533424 0.342944
2.122889 -0.343687 0.514468
2.122889 -0.153951 0.698086
2.122889 0.035786 0.887207
2.122889 0.225523 1.075045
2.122889 0.415259 1.254856
2.122889 0.604996 1.420188
2.122889 0.794733 1.565105
2.122889 0.984469 1.684407
2.122889 1.174206 1.773812
2.122889 1.363943 1.830111
2.122889 1.553679 1.851282
2.122889 1.743416 1.836567
2.122889 1.933152 1.786493
2.122889 2.122889 1.702858
2.122889 2.312626 1.588663
2.122889 2.502362 1.448007
2.122889 2.692099 1.285938
2.122889 2.881835 1.108275
2.312626 -3.000000 0.596114
2.312626 -2.810263 0.411934
2.312626 -2.620527 0.239429
2.312626 -2.430790 0.084792
2.312626 -2.241054 -0.046428
2.312626 -2.051317 -0.149521
2.312626 -1.861580 -0.220786
2.312626 -1.671844 -0.257665
2.312626 -1.482107 -0.258836
2.312626 -1.292371 -0.224255
2.312626 -1.102634 -0.155165
2.312626 -0.912897 -0.054045
2.312626 -0.723161 0.075476
2.312626 -0.533424 0.228749
2.312626 -0.343687 0.400273
2.312626 -0.153951 0.583891
2.312626 0.035786 0.773012
2.312626 0.225523 0.960850
2.312626 0.415259 1.140661
2.312626 0.604996 1.305993
2.312626 0.794733 1.450910
2.312626 0.984469 1.570212
2.312626 1.174206 1.659617
2.312626 1.363943 1.715916
2.312626 1.553679 1.737087
2.312626 1.743416 1.722372
2.312626 1.933152 1.672298
2.312626 2.122889 1.588663
2.312626 2.312626 1.474468
2.312626 2.502362 1.333812
2.312626 2.692099 1.171744
2.312626 2.881835 0.994080
2.502362 -3.000000 0.455458
2.502362 -2.810263 0.271278
2.502362 -2.620527 0.098773
2.502362 -2.430790 -0.055864
2.502362 -2.241054 -0.187084
2.502362 -2.051317 -0.290176
2.502362 -1.861580 -0.361441
2.502362 -1.671844 -0.398321
2.502362 -1.482107 -0.399492
2.502362 -1.292371 -0.364911
2.502362 -1.102634 -0.295821
2.502362 -0.912897 -0.194701
2.502362 -0.723161 -0.065180
2.502362 -0.533424 0.088093
2.502362 -0.343687 0.259617
2.502362 -0.153951 0.443235
2.502362 0.035786 0.632356
2.502362 0.225523 0.820194
2.502362 0.415259 1.000005
2.502362 0.604996 1.165337
2.502362 0.794733 1.310254
2.502362 0.984469 1.429557
2.502362 1.174206 1.518961
2.502362 1.363943 1.575260
2.502362 1.553679 1.596431
2.502362 1.743416 1.581716
2.502362 1.933152 1.531642
2.502362 2.122889 1.448007
2.502362 2.312626 1.333812
2.502362 2.502362 1.193156
2.502362 2.692099 1.031088
2.502362 2.881835 0.853424
2.692099 -3.000000 0.293390
2.692099 -2.810263 0.109209
2.692099 -2.620527 -0.063295
2.692099 -2.430790 -0.217932
2.692099 -2.241054 -0.349152
2.692099 -2.051317 -0.452245
2.692099 -1.861580 -0.523510
2.692099 -1.671844 -0.560389
2.692099 -1.482107 -0.561560
2.692099 -1.292371 -0.526980
2.692099 -1.102634 -0.457889
2.692099 -0.912897 -0.356769
2.692099 -0.723161 -0.227248
2.692099 -0.533424 -0.073975
2.692099 -0.343687 0.097549
2.692099 -0.153951 0.281166
2.692099 0.035786 0.470288
2.692099 0.225523 0.658126
2.692099 0.415259 0.837937
2.692099 0.604996 1.003268
2.692099 0.794733 1.148186
2.692099 0.984469 1.267488
2.692099 1.174206 1.356893
2.692099 1.363943 1.413192
2.692099 1.553679 1.434363
2.692099 1.743416 1.419648
2.692099 1.933152 1.369574
2.692099 2.122889 1.285938
2.692099 2.312626 1.171744
2.692099 2.502362 1.031088
2.692099 2.692099 0.869019
2.692099 2.881835 0.691356
2.881835 -3.000000 0.115726
2.881835 -2.810263 -0.068454
2.881835 -2.620527 -0.240959
2.881835 -2.430790 -0.395596
2.881835 -2.241054 -0.526816
2.881835 -2.051317 -0.629908
2.881835 -1.861580 -0.701173
2.881835 -1.671844 -0.738053
